1 5 14 0 12 8
2 5 14 0 12 8
3 5 14 0 12 8
4 10 2 0 8 12
5 10 2 0 8 12
6 13 4 14 6 10
7 13 4 14 6 10
8 14 14 2 6 0
9 15 6 4 10 10
10 15 6 4 10 10
11 22 4 10 12 8
12 22 4 10 12 8
13 25 12 0 6 14
14 25 12 0 6 14
15 26 6 0 12 2
16 26 6 0 12 2
17 27 14 14 2 4
18 27 14 14 2 4
19 29 4 8 14 2
20 29 4 8 14 2
21 31 4 8 14 14
22 31 4 8 14 14
23 31 6 12 4 2
24 32 0 10 12 10
25 32 0 10 12 10
26 32 6 14 4 14
27 35 12 6 6 0
28 35 12 6 6 0
29 37 2 8 10 8
30 42 0 6 10 10
31 42 0 6 10 10
32 43 12 0 0 0
33 43 12 0 0 0
34 43 12 0 0 0
35 46 14 4 4 0
36 46 14 4 4 0
37 49 8 6 8 4
38 49 8 6 8 4
39 52 10 12 6 10
40 52 10 12 6 10
41 52 8 14 14 6
42 52 8 14 14 6
43 54 10 12 6 2
44 55 12 6 0 0
45 55 14 10 12 8
46 55 12 6 0 0
47 57 6 10 4 10
48 57 12 8 2 6
49 57 12 8 2 6
50 57 12 8 2 6
51 57 6 10 4 10
52 58 0 12 4 0
53 58 0 12 4 0
54 66 8 10 8 10
55 66 8 10 8 10
56 66 8 10 8 10
57 67 8 0 0 2
58 67 8 0 0 2
59 69 0 8 4 6
60 69 0 8 4 6
61 69 0 8 4 6
62 76 10 10 0 14
63 76 10 10 0 14
64 77 6 12 8 8
65 81 8 6 14 10
66 82 8 4 12 4
67 82 8 4 12 4
68 83 4 8 4 14
69 83 4 8 4 14
70 92 4 0 12 6
71 92 4 0 12 6
72 95 8 0 2 4
73 95 8 0 2 4
74 96 14 0 10 12
75 96 14 0 10 12
76 96 14 0 10 12
77 97 10 6 0 6
78 98 8 14 6 12
79 98 8 14 6 12
80 100 14 0 4 0
81 106 0 8 4 10
82 106 4 6 14 8
83 106 0 8 4 10
84 106 4 6 14 8
85 106 4 6 14 8
86 109 14 0 4 12
87 109 14 0 4 12
88 110 8 8 6 6
89 110 8 8 6 6
90 110 8 8 6 6
91 116 14 10 0 10
92 116 14 10 0 10
93 117 6 2 12 0
94 117 6 2 12 0
95 118 0 0 0 0
96 118 0 0 0 0
97 118 0 0 0 0
98 122 14 14 10 14
99 122 14 14 10 14
100 123 14 4 4 14
101 123 14 4 4 14
102 125 0 12 8 6
103 125 0 12 8 6
104 131 2 2 14 4
105 131 2 2 14 4
106 134 14 2 12 12
107 134 14 2 12 12
108 134 14 2 12 12
109 135 2 8 2 4
110 135 2 8 2 4
111 135 2 8 2 4
112 136 0 8 14 2
113 147 6 12 6 6
114 147 6 12 6 6
115 147 0 2 10 10
116 147 6 12 6 6
117 147 2 2 12 12
118 147 0 2 10 10
119 148 10 2 12 12
120 148 10 2 12 12
121 148 10 2 12 12
122 149 10 14 10 14
123 149 10 14 10 14
124 149 10 14 10 14
125 150 2 2 2 8
126 150 2 2 2 8
127 151 8 14 0 14
128 151 8 14 0 14
129 151 8 14 0 14
130 162 6 8 0 6
131 162 6 8 0 6
132 162 6 8 0 6
133 170 4 10 12 0
134 170 4 10 12 0
135 171 12 14 4 6
136 171 12 14 4 6
137 176 12 14 10 14
138 176 12 14 10 14
139 180 6 12 2 10
140 183 6 12 6 12
141 183 6 12 6 12
142 186 6 14 12 2
143 186 6 14 12 2
144 197 0 12 10 14
145 197 0 6 2 6
146 197 0 0 2 2
147 197 0 6 2 6
148 197 0 6 2 6
149 197 0 0 2 2
150 197 0 12 10 14
151 200 4 8 12 2
152 200 4 8 12 2
153 200 4 8 12 2
154 204 6 14 14 10
155 206 14 4 4 6
156 206 14 4 4 6
157 207 2 8 12 14
158 207 2 8 12 14
159 211 8 6 2 12
160 211 8 6 2 12
161 212 10 10 14 12
162 214 14 14 6 4
163 214 14 14 6 4
164 217 2 2 0 14
165 217 8 0 0 14
166 217 8 0 0 14
167 217 2 2 0 14
168 218 6 2 0 4
169 218 6 2 0 4
170 224 2 2 12 12
171 224 2 2 12 12
172 227 4 14 12 12
173 227 4 14 12 12
174 233 10 2 0 6
175 233 6 10 0 4
176 233 6 10 0 4
177 233 10 2 0 6
178 236 8 4 4 10
179 236 8 4 4 10
180 236 8 4 4 10
181 239 6 6 0 6
182 239 6 6 0 6
183 242 0 4 2 0
184 242 14 8 4 10
185 242 0 4 2 0
186 242 14 8 4 10
187 242 8 6 14 2
188 242 8 6 14 2
189 243 10 6 10 8
190 247 8 12 4 2
191 247 8 12 14 10
192 247 8 12 14 10
193 248 0 8 10 6
194 248 14 8 6 8
195 248 14 8 6 8
196 250 8 6 4 8
197 250 8 6 4 8
198 250 8 6 4 8
199 253 2 12 4 0
200 253 2 12 4 0
201 257 14 0 4 8
202 257 14 0 4 8
203 259 14 12 0 8
204 259 14 12 0 8
205 259 14 12 0 8
206 264 14 8 14 6
207 264 14 8 14 6
208 264 14 8 14 6
209 268 4 10 2 0
210 269 4 6 2 4
211 269 2 2 10 12
212 269 4 6 2 4
213 269 2 2 10 12
214 271 8 4 4 10
215 271 8 4 4 10
216 273 10 4 2 6
217 273 10 4 2 6
218 273 10 4 2 6
219 275 14 8 6 2
220 275 14 8 6 2
221 275 14 8 6 2
222 284 4 0 2 2
223 284 4 0 2 2
224 286 10 8 4 0
225 286 10 8 4 0
226 286 0 0 14 4
227 286 0 0 14 4
228 286 0 0 14 4
229 290 12 6 8 6
230 295 8 6 8 0
231 295 8 6 8 0
232 296 0 6 6 12
233 296 0 6 6 12
234 309 2 6 10 2
235 309 2 6 10 2
236 310 10 4 0 0
237 310 10 4 0 0
238 310 10 4 0 0
239 320 14 4 10 8
240 320 14 4 10 8
241 321 8 14 0 6
242 321 8 14 0 6
243 321 8 14 0 6
244 322 0 14 14 0
245 322 0 14 14 0
246 322 0 14 14 0
247 322 14 10 0 12
248 324 8 2 2 6
249 324 8 2 2 6
250 331 8 6 8 2
251 331 8 6 8 2
252 331 8 6 8 2
253 331 12 4 0 8
254 331 12 4 0 8
255 336 0 12 14 4
256 336 0 12 14 4
257 336 2 10 14 0
258 336 2 10 14 0
259 339 12 4 0 10
260 339 12 4 0 10
261 340 8 12 12 0
262 340 8 12 12 0
263 343 0 8 10 12
264 343 0 8 10 12
265 347 12 6 8 0
266 347 12 6 8 0
267 347 12 6 8 0
268 348 6 8 14 6
269 348 6 8 14 6
270 350 6 2 14 12
271 350 6 2 14 12
272 353 4 6 12 12
273 353 4 6 12 12
274 354 8 4 10 12
275 354 8 4 10 12
276 354 0 2 4 14
277 354 0 2 4 14
278 355 0 8 14 0
279 355 10 2 4 14
280 355 0 8 14 0
281 355 0 8 14 0
282 355 10 2 4 14
283 357 14 14 12 2
284 357 14 14 12 2
285 358 0 0 6 4
286 358 14 2 0 6
287 358 0 0 6 4
288 358 14 2 0 6
289 359 2 12 0 4
290 360 4 0 14 0
291 360 4 0 14 0
292 360 4 0 14 0
293 361 0 12 10 10
294 361 14 8 10 2
295 361 14 8 10 2
296 361 0 12 10 10
297 362 8 4 12 6
298 365 10 12 8 10
299 367 6 12 2 0
300 367 6 12 2 0
301 367 6 12 2 0
302 369 14 12 0 10
303 369 14 12 0 10
304 369 14 12 0 10
305 370 6 12 4 14
306 370 6 4 10 2
307 370 6 4 10 2
308 370 6 12 4 14
309 373 0 2 6 0
310 377 8 0 4 10
311 377 8 0 4 10
312 382 12 14 0 0
313 382 12 14 0 0
314 384 0 0 4 10
315 392 0 12 2 2
316 392 0 12 2 2
317 396 10 0 2 0
318 396 10 0 2 0
319 396 10 0 2 0
320 398 0 2 4 14
321 398 0 2 4 14
322 398 0 2 4 14
323 402 4 8 10 12
324 402 4 8 10 12
325 405 0 2 0 0
326 405 0 2 0 0
327 405 0 2 0 0
328 408 8 10 8 8
329 408 8 10 8 8
330 409 12 2 2 10
331 409 12 2 2 10
332 409 12 2 2 10
333 413 2 10 2 14
334 413 2 10 2 14
335 414 8 6 12 2
336 414 8 6 12 2
337 417 8 2 8 6
338 417 8 2 8 6
339 417 8 2 8 6
340 417 10 14 6 4
341 419 12 2 14 4
342 419 12 2 14 4
343 423 8 2 14 12
344 423 8 2 14 12
345 423 8 2 14 12
346 425 10 10 0 8
347 425 10 10 0 8
348 428 6 8 8 8
349 428 6 8 8 8
350 432 12 14 12 10
351 432 0 14 6 8
352 432 0 14 6 8
353 432 12 14 12 10
354 432 0 14 6 8
355 434 4 12 6 10
356 434 4 12 6 10
357 434 4 12 10 12
358 434 4 12 10 12
359 437 0 2 10 4
360 437 0 2 10 4
361 439 4 2 6 4
362 439 4 2 6 4
363 441 8 12 8 10
364 441 8 12 8 10
365 441 8 12 8 10
366 441 14 2 0 14
367 441 14 2 0 14
368 441 14 2 0 14
369 450 12 8 6 14
370 450 12 8 6 14
371 452 6 2 10 2
372 452 6 2 10 2
373 452 6 2 10 2
374 455 4 0 6 10
375 455 4 0 6 10
376 455 4 0 6 10
377 456 14 0 6 10
378 456 14 0 6 10
379 457 10 0 8 4
380 457 10 0 8 4
381 458 2 12 4 10
382 458 2 12 4 10
383 458 2 12 4 10
384 459 14 14 8 14
385 459 14 2 8 6
386 459 14 2 8 6
387 459 14 14 8 14
388 462 14 14 6 2
389 462 14 6 10 2
390 462 14 14 6 2
391 462 14 6 10 2
392 467 4 8 2 12
393 467 10 12 12 8
394 467 4 8 2 12
395 467 10 12 12 8
396 472 0 0 14 4
397 473 14 10 2 0
398 473 14 10 2 0
399 474 10 2 10 6
400 474 10 2 10 6
401 475 0 10 6 12
402 477 14 12 0 14
403 477 14 12 0 14
404 477 14 12 0 14
405 479 10 10 2 4
406 479 10 10 2 4
407 481 8 10 6 0
408 481 8 14 6 4
409 481 0 10 2 14
410 481 8 10 6 0
411 481 8 14 6 4
412 481 0 10 2 14
413 481 0 10 2 14
414 489 14 14 0 4
415 489 14 14 0 4
416 500 12 12 14 6
417 500 12 12 14 6
418 500 12 12 14 6
419 506 10 0 14 8
420 506 10 0 14 8
421 508 6 4 0 0
422 514 2 2 6 0
423 514 2 2 6 0
424 519 6 0 12 14
425 519 4 8 12 0
426 519 6 0 12 14
427 521 4 12 0 14
428 521 4 12 0 14
429 522 8 12 12 12
430 522 8 12 12 12
431 529 8 14 12 6
432 529 8 14 12 6
433 533 4 8 6 8
434 533 0 6 12 0
435 533 0 6 12 0
436 533 4 6 14 10
437 533 4 8 6 8
438 533 4 6 14 10
439 533 4 8 6 8
440 534 2 2 14 2
441 534 2 2 14 2
442 538 12 2 8 0
443 539 12 8 6 2
444 539 4 0 2 0
445 539 4 0 2 0
446 540 0 4 12 12
447 540 6 6 2 12
448 540 0 4 12 12
449 540 6 6 2 12
450 554 4 6 4 0
451 554 4 6 4 0
452 554 4 6 4 0
453 555 0 14 8 4
454 555 0 14 8 4
455 555 0 14 8 4
456 559 12 4 10 6
457 559 12 4 10 6
458 560 14 4 10 6
459 561 2 8 4 12
460 561 2 8 4 12
461 563 10 8 4 6
462 563 10 8 4 6
463 563 14 4 4 4
464 563 14 4 4 4
465 565 2 14 14 6
466 565 2 14 14 6
467 565 0 10 2 10
468 566 10 10 4 10
469 566 10 10 4 10
470 570 2 10 12 0
471 570 2 10 12 0
472 570 2 10 12 0
473 573 14 12 14 4
474 573 14 12 14 4
475 573 14 12 14 4
476 574 6 2 6 4
477 574 6 2 6 4
478 577 6 4 14 4
479 578 2 6 2 4
480 578 2 6 2 4
481 586 4 2 12 0
482 586 4 2 12 0
483 586 4 2 12 0
484 587 12 6 8 6
485 587 4 12 0 12
486 587 4 12 0 12
487 587 12 6 8 6
488 588 10 2 4 12
489 588 10 2 4 12
490 589 10 10 0 10
491 589 10 10 0 10
492 591 12 0 14 6
493 591 12 0 14 6
494 591 12 0 14 6
495 595 12 0 10 10
496 595 8 6 6 12
497 595 12 0 10 10
498 595 8 6 6 12
499 595 12 0 10 10
500 598 10 4 14 10
